210
21
9
29
79
147
13
12
14
110
7
150
4
2
32
57
4
5
227
3
26
167
10
5
47
44
132
67
5
13
123
14
28
15
136
13
47
2
63
13
19
73
60
2
3
5
13
15
230
3
13
4
148
16
8
7
177
69
71
129
12
3
16
193
5
126
20
43
3
16
14
14
82
30
13
6
4
89
17
94
12
2
3
8
130
50
3
16
12
12
15
23
5
4
70
199
11
51
210
12
148
4
7
15
2
2
14
15
140
11
50
8
13
176
78
133
76
3
2
8
68
5
96
62
31
4
25
74
2
3
45
3
12
113
4
7
14
17
27
40
11
75
16
257
6
13
14
70
2
14
178
5
8
18
10
8
2
6
4
8
98
150
6
5
105
8
3
122
4
9
141
14
2
103
176
13
18
13
118
246
51
4
10
193
27
5
2
6
7
30
86
13
15
17
11
2
29
13
70
13
6
10
14
18
12
14
2
3
13
167
43
4
3
40
82
63
62
12
73
110
15
6
8
82
4
13
176
22
199
211
15
13
3
3
50
212
6
107
29
97
6
172
8
4
15
238
15
31
63
30
57
268
181
13
66
17
27
9
5
179
7
14
2
110
136
13
18
134
135
2
4
2
102
103
5
23
45
5
2
86
103
4
183
206
2
14
4
8
199
3
5
7
4
12
84
6
135
3
15
39
5
6
71
14
150
46
4
9
15
27
67
156
6
2
3
3
13
6
3
141
4
6
8
78
14
4
2
142
24
2
5
19
16
13
119
9
6
263
208
105
3
2
4
4
4
9
14
36
14
6
140
5
5
86
141
3
13
60
3
86
94
6
5
75
11
6
9
2
6
8
44
11
68
27
8
148
162
13
12
14
13
118
16
12
13
124
43
12
6
13
25
246
2
5
57
6
256
195
6
3
15
30
109
12
129
91
106
3
8
146
3
8
32
188
5
10
17
14
74
79
3
8
8
28
156
211
10
254
14
5
117
48
14
9
14
109
79
15
27
7
69
136
13
136
31
3
15
13
29
62
8
157
3
3
4
12
236
4
28
11
2
5
245
8
74
99
101
14
17
75
11
20
94
149
43
10
3
23
11
137
164
12
17
14
27
74
8
259
3
15
8
8
180
35
16
14
43
14
10
3
15
8
19
16
34
14
27
44
11
156
2
17
5
12
177
50
67
10
52
4
2
49
3
9
34
27
16
50
5
2
141
5
2
6
43
3
3
9
4
12
136
5
14
78
3
13
32
12
3
46
13
13
2
14
28
5
2
14
7
37
13
110
2
28
4
9
3
105
5
47
31
128
159
13
63
12
30
14
10
267
129
20
260
13
3
3
4
5
104
118
12
14
31
10
26
135
15
102
7
11
39
3
6
14
140
14
256
6
81
12
5
97
44
18
13
14
44
4
3
8
5
166
13
3
8
121
50
39
4
7
110
3
3
217
127
13
27
4
8
5
26
2
11
2
32
5
165
20
3
4
4
8
31
12
161
3
14
210
16
38
3
3
11
2
5
115
178
6
3
119
3
4
18
81
3
15
28
16
99
184
2
5
7
154
4
6
8
154
3
5
23
5
112
6
27
2
146
8
8
138
129
64
2
2
4
2
157
3
3
7
174
10
260
3
3
5
34
3
9
94
219
214
13
57
6
5
124
44
13
18
27
28
10
5
11
16
17
28
15
15
11
49
66
5
5
144
13
121
5
14
91
48
7
3
28
15
29
9
19
13
145
15
2
14
12
7
8
59
7
141
6
70
4
45
2
7
63
9
151
3
3
2
5
82
4
15
12
16
83
4
31
178
16
13
5
11
187
5
17
9
68
3
14
29
15
68
14
152
4
3
2
249
10
3
2
139
3
17
6
3
4
3
12
13
9
57
10
3
32
76
13
44
54
14
15
29
13
18
31
24
10
5
11
15
4
13
25
10
3
6
14
27
18
5
3
13
12
61
10
7
9
2
13
3
15
13
15
11
4
16
40
12
160
39
16
239
8
242
3
172
11
5
43
35
157
7
3
13
13
5
47
2
52
12
13
231
116
13
5
182
4
9
5
70
5
42
13
215
3
9
192
232
50
12
246
42
8
5
22
16
33
120
36
179
14
2
8
2
6
50
7
2
28
6
6
50
2
23
13
3
13
12
170
6
4
246
4
3
52
8
199
55
66
16
46
13
7
137
3
5
186
13
218
12
30
13
45
9
8
4
4
4
5
7
43
65
84
12
194
56
5
203
4
15
28
43
117
6
13
188
4
16
42
163
36
5
12
192
6
12
4
14
183
20
4
2
58
28
3
14
209
4
39
14
2
32
140
12
16
14
4
21
6
11
5
11
15
3
15
13
31
90
14
13
5
3
13
74
129
28
136
5
2
253
47
4
212
6
7
250
4
51
164
140
13
2
37
62
4
11
6
7
5
89
47
177
6
13
119
6
2
186
11
70
3
4
59
5
2
66
57
14
84
9
2
6
21
17
56
15
22
4
170
17
14
164
16
13
4
25
124
196
150
6
3
14
27
103
16
275
3
22
3
3
184
14
13
3
14
14
93
7
8
71
14
2
12
6
5
39
4
39
117
187
6
12
31
28
12
18
28
8
2
6
3
3
4
172
16
17
117
68
221
5
11
15
17
28
15
15
25
8
6
170
13
13
31
22
4
8
12
3
193
13
119
43
18
13
75
105
52
13
3
6
3
113
57
13
4
131
13
10
254
4
2
6
134
14
50
90
124
3
143
6
5
12
7
12
78
52
3
7
13
13
13
99
3
16
27
50
157
38
8
9
123
2
2
63
3
13
16
15
22
125
14
17
35
31
5
11
15
3
47
16
28
3
8
3
75
127
162
255
212
13
9
15
13
14
15
134
18
10
82
4
2
2
163
29
3
3
133
13
125
95
50
14
29
13
70
16
13
152
13
58
4
3
5
118
71
8
61
13
2
24
4
32
6
5
130
16
15
93
15
208
15
5
199
73
31
2
105
4
3
3
3
124
154
5
8
164
21
5
5
223
7
12
16
13
125
5
5
191
15
110
14
30
8
31
4
13
9
6
10
16
3
28
62
3
4
35
16
3
3
4
2
2
13
18
31
29
113
5
167
58
16
15
266
3
6
132
62
251
30
128
13
18
75
267
11
16
15
16
27
137
5
29
16
8
233
13
7
7
58
8
5
94
31
13
147
8
141
6
7
80
6
123
99
2
2
7
2
2
3
65
6
2
6
78
4
5
4
3
12
106
242
13
141
74
110
4
3
5
112
7
78
56
27
3
10
5
11
16
2
45
92
16
13
7
24
10
5
2
9
15
19
12
16
15
43
10
5
165
2
5
3
18
13
15
15
13
21
4
7
11
13
7
63
15
16
17
13
16
15
29
29
32
3
14
17
28
29
17
13
57
5
3
3
2
3
8
193
13
180
23
5
5
2
4
9
14
29
72
113
5
5
3
5
157
107
3
13
65
4
3
8
180
5
6
3
7
5
31
114
3
12
11
2
191
16
59
52
171
5
11
15
16
14
15
17
24
12
14
21
7
25
38
6
75
41
11
78
5
101
13
152
4
13
96
3
2
28
182
13
4
4
6
15
70
159
17
16
27
27
16
6
14
203
4
2
16
5
26
45
8
129
145
148
190
2
2
3
190
135
16
2
4
9
6
22
75
11
146
58
5
4
15
13
25
13
170
15
15
29
13
17
169
7
12
57
6
153
33
4
3
2
4
4
2
8
6
184
7
5
7
130
5
213
10
6
114
13
89
9
36
4
13
27
74
14
164
6
278
7
10
3
13
27
59
31
47
14
5
5
5
263
4
4
160
14
177
7
2
3
11
5
254
5
48
43
13
23
258
3
13
10
49
3
5
8
105
31
5
40
3
6
16
15
13
15
59
4
63
4
44
97
3
3
43
6
145
2
6
5
3
207
7
231
8
2
3
3
3
5
36
2
5
13
16
5
181
4
44
3
16
13
104
14
94
78
15
6
7
98
3
4
4
2
32
13
8
2
6
2
4
140
71
10
3
205
28
10
53
2
2
197
188
3
13
116
43
12
40
2
5
13
105
7
24
50
138
9
201
83
16
3
21
10
5
11
2
13
47
8
8
62
39
56
33
110
28
4
4
152
2
6
82
4
131
10
64
3
28
134
11
3
14
2
82
16
169
6
43
6
5
3
256
12
147
13
13
16
17
116
60
11
145
2
2
18
2
29
26
8
5
3
10
16
17
28
17
4
2
12
14
128
38
168
13
157
10
6
36
107
2
6
11
62
55
89
10
3
187
32
15
5
2
5
3
62
127
12
193
20
2
4
125
6
29
6
77
14
4
3
5
13
246
2
14
2
10
5
3
8
15
4
28
16
73
15
12
12
27
18
144
42
5
123
6
2
48
119
4
13
30
12
69
6
8
8
28
57
14
89
4
3
156
6
8
103
3
9
163
117
67
11
10
263
5
3
5
11
15
17
12
16
15
89
27
56
3
40
135
16
15
8
3
165
13
43
51
31
12
79
2
29
138
4
7
94
196
3
41
90
16
14
14
88
16
2
18
4
14
14
5
128
13
3
103
17
13
14
169
2
3
14
9
3
13
259
18
55
132
227
44
2
212
4
46
7
4
7
12
6
104
3
8
63
15
224
5
3
14
4
13
53
13
176
16
3
4
4
13
3
14
28
65
19
71
16
19
8
151
17
138
7
168
106
194
56
7
124
7
3
112
3
3
150
5
3
3
196
8
46
16
48
3
13
2
72
16
2
13
139
13
27
44
28
78
16
13
29
13
83
6
10
15
18
4
4
5
15
15
12
16
89
8
11
96
13
31
13
3
102
5
3
36
3
14
13
172
7
11
4
12
15
16
28
16
26
14
28
27
15
6
66
2
2
3
29
13
8
6
47
13
14
140
4
7
235
12
2
21
2
8
42
89
3
28
3
5
13
56
30
5
4
28
5
2
25
143
4
5
131
5
3
13
3
15
12
32
51
6
89
28
76
5
191
2
6
3
124
8
224
4
11
5
136
26
103
4
3
11
17
14
10
194
14
5
8
135
6
113
2
2
6
191
13
7
14
13
155
6
69
7
3
121
3
13
7
11
70
102
20
14
13
3
66
3
26
3
16
7
8
27
27
16
5
26
8
42
130
5
8
116
4
2
92
148
8
66
180
8
240
4
9
4
13
75
127
181
5
8
214
2
37
5
8
32
34
48
4
5
3
18
13
5
3
8
214
13
218
19
15
39
5
3
5
3
57
17
3
13
15
16
45
13
8
3
16
6
22
211
25
2
4
5
38
16
129
13
155
48
5
172
5
2
144
4
8
3
28
15
13
15
28
15
105
66
15
17
124
13
128
44
113
50
49
175
30
12
214
5
2
123
15
40
6
137
13
11
167
6
2
92
13
81
3
15
8
17
3
14
31
8
3
7
192
2
4
6
17
16
68
2
8
55
7
5
32
4
53
5
5
3
212
110
47
2
5
8
14
74
3
3
55
6
92
15
29
44
8
5
3
140
2
6
2
190
12
19
2
135
280
132
2
5
3
6
30
13
24
4
2
188
4
4
13
5
13
11
44
179
4
8
9
11
38
4
5
79
2
5
46
36
13
17
13
30
14
31
13
5
3
5
100
2
86
161
8
47
9
11
3
29
8
18
65
13
7
13
10
9
2
6
3
151
14
149
88
16
14
5
68
17
12
5
8
3
13
16
159
3
189
152
4
3
18
173
15
74
5
16
13
5
13
12
37
8
14
57
44
35
15
91
177
6
127
3
16
12
43
2
5
3
4
9
75
117
17
17
165
3
5
8
3
5
3
5
25
46
62
27
118
14
228
31
166
12
31
66
3
14
10
16
51
7
5
33
7
2
3
3
12
239
172
2
8
64
4
129
198
5
8
234
5
10
45
7
126
13
32
61
8
141
3
14
6
3
4
13
6
2
64
5
8
5
238
3
27
30
6
8
115
3
5
128
15
16
221
14
2
8
20
14
15
29
42
13
3
117
27
49
6
14
8
188
13
14
192
3
8
204
10
2
3
3
5
230
5
16
15
13
16
30
6
92
44
5
5
122
104
5
8
2
12
196
3
3
61
211
11
161
3
4
8
49
12
5
5
30
16
3
2
11
94
38
29
38
6
16
5
90
6
185
10
43
197
18
13
18
150
7
3
12
32
9
148
10
3
150
258
16
4
5
17
62
126
6
3
7
21
89
5
44
97
13
18
13
18
13
3
49
121
3
7
3
87
43
13
14
6
10
111
14
13
5
134
100
59
12
66
8
89
5
128
13
88
12
101
72
8
3
23
68
11
3
5
191
3
14
46
19
3
9
14
146
11
35
2
9
5
39
3
13
27
8
15
224
2
14
14
3
156
143
2
3
91
8
2
3
3
2
3
40
6
138
4
3
5
12
73
164
15
63
3
5
2
5
4
3
5
183
88
51
183
21
2
3
6
124
51
14
2
11
48
13
2
13
30
15
13
31
212
6
83
4
4
13
18
11
41
16
6
9
4
14
13
16
7
5
3
16
16
189
13
14
31
16
3
99
163
3
148
3
16
41
8
7
61
2
5
5
11
15
3
86
86
14
253
3
2
6
3
141
4
27
42
13
6
14
37
63
65
4
43
15
23
6
43
4
3
12
13
4
12
15
16
10
3
18
8
16
21
49
16
9
4
16
32
13
27
4
8
130
5
2
49
87
4
39
3
9
30
7
15
58
5
3
10
3
74
11
20
2
23
194
15
10
3
258
6
74
135
8
212
4
52
202
2
2
6
2
3
14
192
8
3
2
234
4
15
20
74
13
147
2
3
3
4
4
142
4
4
4
42
2
6
19
27
120
14
118
6
84
10
117
66
3
5
8
9
99
83
5
3
125
12
4
5
2
6
124
3
63
259
3
3
5
339
28
3
13
2
13
13
14
14
3
155
7
195
3
14
15
3
201
2
21
15
77
3
15
8
8
28
5
107
3
3
13
3
7
13
6
185
14
250
4
7
5
10
3
10
62
15
134
3
5
12
5
2
9
152
8
20
251
3
65
209
3
15
16
36
55
2
5
4
49
2
6
125
18
12
142
5
3
23
5
6
3
212
273
5
38
7
28
13
92
5
210
12
13
57
62
4
4
60
12
150
2
120
55
13
181
4
10
51
63
5
2
5
40
178
43
145
4
8
3
14
91
55
38
7
70
3
5
55
37
3
4
138
12
3
59
14
4
5
55
7
3
210
3
63
8
15
192
6
108
184
49
9
3
7
17
14
22
2
5
5
5
3
6
54
14
192
93
7
5
250
2
4
71
30
4
4
2
5
8
12
109
7
168
32
26
13
141
5
55
15
42
3
14
61
3
73
3
167
13
170
51
64
3
4
4
75
3
4
3
63
110
4
3
210
8
15
43
89
108
2
3
8
14
33
14
14
12
13
18
32
133
19
4
165
6
135
64
5
15
4
51
222
2
41
27
8
82
173
245
5
12
7
52
76
29
13
2
2
192
3
53
13
5
81
103
12
7
8
3
6
6
102
16
9
15
8
8
180
52
3
8
91
13
15
16
58
57
18
14
14
237
79
13
14
15
14
69
6
54
7
184
86
3
167
4
3
4
2
6
104
5
3
13
226
3
5
102
21
12
98
74
25
14
2
4
25
101
17
74
42
13
29
2
13
5
14
17
14
47
7
16
6
145
3
144
90
12
47
14
17
14
3
142
54
21
16
184
3
27
24
2
5
2
3
233
16
3
15
8
34
9
20
113
109
2
10
109
28
3
49
5
3
47
204
16
90
12
35
2
8
5
13
94
13
90
16
127
4
5
21
13
269
12
18
157
16
8
130
194
10
3
8
68
190
10
3
13
30
9
3
13
10
5
11
14
2
2
15
13
15
16
77
5
55
27
145
4
7
180
2
6
12
14
4
40
89
11
101
16
147
13
79
153
31
195
13
19
234
57
5
4
26
8
2
4
114
5
3
42
76
4
16
159
5
2
132
7
144
18
8
190
3
56
13
15
4
13
192
16
102
27
4
99
18
3
61
43
94
7
16
2
14
2
15
13
31
58
62
14
8
5
8
50
4
3
6
13
5
8
100
4
2
5
237
117
4
6
268
4
17
30
43
47
6
6
5
14
29
3
72
13
16
42
15
79
39
96
42
3
62
29
120
13
105
3
31
10
5
11
16
2
16
12
32
8
62
3
29
3
87
2
97
15
88
13
2
89
14
154
6
5
13
3
15
101
8
6
2
174
200
19
13
16
66
4
8
14
4
4
184
6
13
191
16
2
9
231
14
13
76
133
6
58
11
211
3
15
16
15
3
3
5
15
13
13
198
6
8
2
84
47
27
160
15
103
77
5
3
148
16
14
106
13
14
182
5
119
2
22
13
140
13
14
24
67
3
2
8
92
7
86
72
2
53
2
2
8
43
139
3
135
10
5
147
8
6
153
13
117
31
54
34
6
35
105
116
45
4
215
5
6
192
4
39
2
4
8
193
6
16
11
84
6
13
254
3
13
107
6
8
74
59
8
47
167
211
60
13
13
15
172
265
3
6
20
6
108
4
6
8
102
159
2
2
120
2
11
6
17
44
3
172
4
34
5
6
212
4
13
66
3
13
27
56
23
4
2
6
13
24
19
5
3
196
7
14
42
5
3
11
67
6
4
3
14
27
71
3
173
22
70
13
178
121
19
7
63
156
4
32
22
6
4
39
5
5
5
3
9
36
3
18
13
36
4
167
31
97
82
4
5
7
51
50
16
2
25
188
229
8
16
155
25
201
5
5
3
246
8
2
29
5
3
210
3
5
3
39
3
19
3
213
3
143
92
7
15
87
22
8
13
177
9
126
2
5
8
171
3
24
5
12
15
5
173
226
8
27
164
7
3
16
7
5
79
21
8
5
129
4
4
5
4
80
120
13
2
113
149
3
2
5
3
142
12
187
5
11
16
3
28
16
16
70
44
8
7
187
57
105
38
271
15
188
14
14
182
5
5
226
129
3
3
5
8
16
181
6
2
125
31
74
17
3
14
15
15
2
14
32
50
18
14
30
2
16
68
8
8
18
15
16
83
4
4
8
15
3
13
4
14
17
13
30
70
31
84
4
13
17
12
2
13
20
31
82
4
8
22
12
4
17
10
3
3
97
15
16
99
8
26
3
28
86
15
16
14
13
4
4
8
14
40
34
16
2
13
18
94
34
15
12
19
14
52
17
35
128
14
17
15
84
12
2
17
82
31
3
13
2
37
3
7
64
36
15
16
82
4
30
15
25
4
12
5
49
8
3
5
96
5
14
14
15
84
17
17
12
3
16
17
14
3
13
15
4
16
114
11
19
16
67
18
17
31
14
80
16
69
17
14
17
18
56
8
63
2
16
98
17
17
15
13
15
3
32
50
16
17
15
18
32
62
21
14
16
98
35
15
15
17
2
13
47
36
12
5
17
16
14
17
130
95
20
15
16
14
37
15
28
5
16
18
31
86
14
16
13
2
16
17
12
22
15
162
16
50
13
5
11
15
3
16
18
17
46
15
5
193
4
14
16
3
16
43
50
21
92
44
4
182
8
80
11
109
7
21
34
167
2
36
30
99
7
98
2
3
5
3
5
11
15
32
15
8
8
39
10
5
32
5
2
5
4
110
13
19
2
9
49
5
141
25
13
118
212
12
3
92
13
113
7
85
13
238
4
8
5
5
3
55
156
16
28
3
3
90
13
180
3
23
8
5
13
13
31
31
17
14
27
23
3
3
2
258
2
3
11
5
12
177
6
8
7
212
2
28
8
69
13
30
13
18
13
93
15
33
31
5
30
15
32
10
108
4
3
14
14
84
8
7
13
2
54
3
8
197
4
4
2
6
2
14
73
10
5
11
2
14
2
12
27
8
12
11
3
161
42
82
10
8
30
5
11
10
225
2
3
30
4
191
70
14
150
4
17
4
11
191
4
133
15
8
3
3
29
45
5
141
10
6
5
3
27
13
2
14
15
74
5
44
57
7
22
17
30
5
3
10
15
15
143
26
3
9
4
7
3
5
9
3
160
12
15
114
4
5
163
9
14
127
86
15
13
200
3
3
8
6
6
3
23
18
127
2
5
8
2
91
47
25
3
16
37
262
3
7
170
58
4
14
34
5
113
6
257
116
2
13
4
15
12
16
147
8
104
162
12
18
5
8
164
189
8
8
67
14
168
16
12
45
236
13
121
4
4
2
13
3
7
31
4
2
13
113
44
18
5
13
42
21
5
17
6
35
4
12
15
3
13
20
18
8
2
37
75
12
91
14
10
120
2
4
41
10
48
218
16
14
39
2
6
3
187
204
6
5
161
12
19
4
3
5
39
8
218
14
144
11
16
65
4
100
12
3
24
6
215
5
6
60
13
68
30
44
19
5
77
4
68
5
8
10
25
4
13
190
6
3
21
62
86
16
58
5
5
13
84
7
42
10
3
200
3
210
14
154
8
59
16
20
39
9
6
8
8
156
2
4
2
5
3
119
10
44
14
5
56
6
62
5
8
57
14
149
14
54
56
3
76
54
44
18
133
3
13
44
38
12
3
208
43
62
15
28
89
8
76
19
40
143
12
2
7
144
13
172
89
200
175
3
129
8
8
2
18
3
19
4
8
12
16
175
6
11
14
14
3
13
14
16
13
6
13
5
2
6
49
2
6
2
6
230
7
6
265
3
120
11
160
33
107
12
14
165
16
112
4
11
5
11
15
3
15
13
7
24
58
20
6
3
104
240
3
14
14
13
138
2
6
2
35
8
164
5
11
35
72
3
13
2
129
6
17
57
136
13
184
19
16
8
3
26
33
138
14
31
11
199
10
12
76
105
13
3
12
2
13
12
152
8
34
8
256
150
74
10
2
18
29
7
33
4
6
167
2
3
27
173
28
42
108
13
15
14
236
28
44
30
14
125
28
2
4
11
4
222
13
15
90
8
2
244
10
3
15
16
25
10
125
109
12
7
239
15
50
88
5
5
265
9
3
15
16
161
8
8
4
3
28
149
3
23
5
134
13
44
26
17
70
88
5
79
31
43
34
13
13
97
8
85
6
8
18
7
193
5
7
8
4
66
173
3
4
197
2
6
148
3
4
9
4
3
6
9
8
219
186
4
14
50
7
31
16
13
2
13
16
60
70
13
3
44
3
15
51
178
3
18
90
58
3
4
5
193
12
12
2
117
35
2
167
5
3
75
3
61
13
35
112
6
2
39
4
4
5
204
13
262
4
8
127
11
5
10
16
3
14
12
15
16
15
63
277
4
168
5
13
29
13
21
13
36
3
10
5
2
9
2
13
16
14
7
5
19
29
6
184
15
94
7
86
4
6
5
70
5
166
6
4
4
162
6
3
3
78
17
38
76
49
8
238
8
44
3
26
13
5
12
28
38
6
10
16
32
15
15
15
13
3
228
4
145
186
13
17
14
31
12
184
11
7
141
6
23
70
6
10
3
13
17
14
14
16
13
43
55
6
8
130
6
223
31
13
7
89
11
16
2
97
6
142
3
8
7
10
3
7
66
10
13
205
2
3
3
2
6
168
14
7
211
10
174
33
173
15
16
31
13
2
16
31
26
18
3
9
46
13
11
6
5
8
67
2
3
5
3
247
12
200
9
5
14
42
14
103
4
3
113
199
4
8
3
4
4
18
14
167
10
18
8
5
184
34
101
102
8
3
3
27
15
29
77
4
28
3
13
212
2
5
14
4
210
23
2
5
52
3
13
2
13
13
6
3
16
157
3
5
2
6
14
6
38
8
8
268
81
5
6
68
22
3
13
118
24
18
127
160
14
169
5
3
3
232
7
150
34
21
31
31
6
10
15
19
13
14
2
11
13
2
166
123
61
13
13
19
176
4
3
114
68
2
6
259
2
6
2
5
3
6
38
60
138
13
40
2
80
10
13
93
94
7
4
110
16
2
14
74
11
98
3
8
2
61
12
19
93
5
8
93
269
7
70
142
74
255
183
4
14
4
26
43
15
91
164
2
5
5
48
13
164
2
5
8
54
3
15
13
13
106
191
11
191
6
105
14
7
80
3
13
3
15
28
11
5
14
111
186
3
4
2
55
14
4
3
36
16
8
3
16
16
2
6
8
23
11
8
140
3
14
8
18
4
144
4
14
149
24
74
43
7
45
3
20
3
13
2
27
97
16
206
10
3
7
3
8
211
3
3
5
262
4
42
138
10
13
11
5
11
2
13
18
8
3
28
15
50
3
3
2
136
36
27
5
13
149
3
4
13
194
5
8
64
5
241
2
44
30
13
230
26
5
3
48
5
3
4
105
59
15
28
8
5
8
2
5
14
14
79
6
159
4
8
5
9
6
4
4
5
37
18
26
5
8
215
3
40
4
22
109
5
3
5
13
5
183
7
8
113
46
5
5
3
3
8
165
14
20
3
197
2
8
2
196
12
4
3
23
52
11
3
18
5
8
23
6
38
113
7
46
98
13
14
27
13
169
3
13
14
30
6
23
8
13
143
135
8
139
26
31
44
153
3
47
3
5
100
114
26
152
4
19
11
13
13
89
13
34
156
5
9
8
41
3
13
44
60
13
8
3
4
8
9
7
180
12
195
16
7
5
13
171
40
159
5
8
276
6
13
33
25
6
136
5
33
3
86
14
2
6
156
16
172
8
2
8
8
86
13
16
15
12
63
5
8
54
100
13
250
30
13
43
14
12
17
19
154
5
224
19
56
10
5
2
8
17
15
29
15
16
15
21
5
57
100
5
6
2
6
8
14
15
41
48
13
67
58
5
2
78
16
176
78
12
7
13
46
4
6
166
2
3
8
4
5
14
95
19
13
15
16
13
6
164
6
61
43
107
8
16
16
15
60
16
89
3
14
67
3
5
43
270
8
162
47
4
5
47
13
137
5
8
16
55
3
116
13
192
2
4
44
12
14
101
113
11
5
8
232
6
4
4
4
162
14
118
15
160
8
189
5
43
101
13
122
135
5
6
16
3
6
26
2
74
15
33
2
5
91
7
157
2
5
3
150
210
13
15
165
193
2
8
10
193
3
3
13
13
2
16
13
11
18
13
18
52
3
11
5
10
2
7
5
19
12
16
15
28
28
16
35
3
124
15
239
2
2
3
5
135
14
5
13
189
161
14
2
97
5
5
4
4
3
165
3
4
215
4
7
3
3
200
4
60
14
28
28
89
13
86
9
108
6
12
16
8
8
166
4
6
65
13
15
2
14
21
2
3
3
143
17
14
3
9
9
30
106
20
2
10
3
13
15
13
27
3
98
16
5
122
11
2
209
3
14
116
5
8
44
5
5
11
2
5
193
4
2
64
2
5
5
39
3
3
60
3
4
3
4
157
6
5
204
3
3
278
6
35
2
6
60
5
44
7
77
264
4
150
10
137
5
2
212
5
9
266
15
19
5
3
2
3
3
2
3
7
13
244
19
196
2
5
13
9
5
14
4
5
31
6
13
35
113
12
3
3
52
10
5
11
16
47
16
25
26
2
6
2
103
3
40
82
7
12
143
4
6
259
13
6
3
26
14
13
122
124
5
2
13
15
3
13
26
139
187
8
187
5
2
3
170
94
3
15
104
3
4
10
105
12
261
15
15
12
47
13
15
28
135
15
245
5
5
3
74
4
2
7
4
7
6
21
11
5
11
15
16
13
15
16
19
12
31
14
5
110
87
6
6
23
95
123
14
140
3
208
5
5
3
55
35
6
3
3
3
172
2
2
6
99
4
14
105
39
2
3
6
175
5
34
5
12
75
4
70
2
4
2
141
13
31
6
42
4
41
13
16
168
102
13
14
3
3
15
8
17
56
13
32
42
6
9
16
6
39
70
7
120
3
40
4
13
157
3
13
203
4
3
184
5
3
168
235
8
18
16
12
27
16
59
3
173
4
113
13
76
8
2
68
8
14
154
5
8
12
7
263
203
8
2
248
9
3
4
5
3
23
176
15
75
3
86
11
5
121
15
89
3
5
12
3
28
14
16
89
2
9
48
4
5
197
5
3
15
108
112
207
164
46
13
14
10
3
15
13
176
73
3
31
87
3
67
12
3
6
170
8
8
13
58
8
270
5
13
270
112
3
9
38
3
3
3
44
3
4
56
3
4
3
224
4
13
11
4
4
42
7
88
73
23
134
16
99
6
3
14
144
5
6
145
195
5
3
5
70
134
15
2
10
3
156
13
15
19
190
6
41
3
13
2
13
17
94
5
10
3
42
20
15
7
4
4
5
136
253
28
17
11
4
12
15
3
14
14
15
16
73
20
2
6
8
136
68
6
16
13
8
3
61
4
34
4
11
4
15
8
203
3
3
5
4
42
114
7
8
13
7
58
15
63
28
5
8
121
3
15
8
186
10
13
180
17
10
3
3
3
9
6
5
44
2
3
32
11
8
110
46
122
6
3
15
6
2
3
3
115
7
48
14
56
6
11
3
2
6
3
7
62
5
3
5
8
204
3
23
5
43
13
41
3
3
2
15
82
3
32
12
133
31
81
3
12
14
48
4
4
8
51
13
155
3
16
5
2
8
261
3
13
92
212
31
40
164
3
23
25
3
4
14
88
2
5
31
8
118
75
3
3
6
13
16
41
14
31
7
170
13
47
4
12
2
4
5
4
13
10
7
281
173
3
7
12
30
13
108
13
50
16
6
6
177
4
65
122
9
127
27
60
95
32
15
13
15
12
22
9
7
15
10
195
3
13
3
12
14
29
7
24
4
3
5
16
10
5
11
15
57
7
9
34
12
2
42
27
116
14
167
18
100
66
4
10
28
182
12
194
14
16
8
15
16
14
15
15
30
101
16
97
12
83
89
2
5
5
4
224
170
5
17
19
29
29
68
17
14
29
17
43
14
3
15
13
13
14
166
151
5
3
39
41
5
43
13
257
12
86
7
5
2
3
109
13
31
11
75
82
4
3
18
16
3
2
9
145
16
173
8
6
87
124
31
3
40
154
12
13
11
7
4
86
31
117
3
3
192
15
13
30
62
12
4
4
34
55
78
34
13
47
3
3
185
16
11
6
4
11
250
3
5
3
28
35
5
10
16
18
13
16
8
7
31
3
6
3
11
3
5
12
222
5
6
117
25
2
3
3
2
21
44
7
31
8
127
6
356
34
8
13
5
57
2
9
75
31
159
5
8
14
32
37
5
13
16
30
13
78
12
92
2
6
125
197
3
39
14
19
176
4
3
232
18
16
43
12
19
5
12
15
2
14
28
15
15
77
13
5
2
59
3
9
14
4
13
73
3
3
192
19
13
12
224
11
17
3
4
6
19
172
6
14
219
6
8
47
195
148
25
38
16
84
6
11
28
177
11
2
3
31
6
5
8
87
4
18
5
2
6
20
5
76
67
4
11
20
13
50
5
11
2
13
17
13
15
16
14
12
196
14
152
136
133
4
14
45
151
30
180
13
23
16
152
5
8
258
13
4
4
14
92
3
5
35
4
4
184
62
211
44
2
41
15
8
20
73
5
155
4
5
144
3
40
53
6
105
12
151
9
3
91
70
9
8
26
109
87
3
4
3
165
4
16
14
63
109
2
13
12
8
7
27
160
5
13
141
59
201
8
31
5
3
2
35
28
47
19
14
49
82
20
11
3
13
16
14
82
5
2
5
185
6
5
194
16
8
7
11
163
11
258
8
3
7
227
9
4
6
152
9
5
122
3
4
3
4
123
14
8
8
154
5
27
13
72
44
10
151
115
44
4
84
107
13
6
8
8
8
140
5
3
75
62
33
3
31
12
8
6
167
9
12
94
3
4
4
4
81
73
4
8
171
4
104
3
14
43
5
2
91
227
23
5
3
7
13
23
4
8
3
199
86
8
6
78
175
15
3
5
50
3
52
5
180
5
14
12
5
6
20
117
8
262
2
7
7
23
4
66
91
96
5
13
16
14
13
42
203
3
15
8
36
3
31
58
52
68
5
25
5
179
25
3
15
13
10
61
85
3
23
43
18
151
13
10
43
133
6
3
14
14
49
7
5
32
42
97
158
7
162
4
7
6
138
91
5
6
263
11
2
170
8
75
197
3
18
4
6
61
6
60
13
77
6
17
25
18
55
10
5
11
15
3
16
29
4
11
3
4
3
31
13
13
5
129
7
5
27
8
23
3
5
4
74
3
14
8
18
11
2
54
234
15
8
121
7
51
11
5
9
4
8
119
6
2
36
3
6
14
133
3
5
8
31
8
2
3
15
16
15
13
27
133
89
186
10
152
7
8
2
60
131
3
15
3
3
6
187
4
4
19
210
4
3
3
2
80
5
3
47
27
15
249
5
3
42
3
98
4
3
47
3
26
24
4
2
150
15
133
4
6
21
3
4
13
98
11
14
30
9
73
8
3
5
2
12
2
14
15
13
42
18
3
52
10
5
3
11
8
5
3
28
16
15
16
24
15
3
5
2
5
5
11
4
6
3
4
89
8
12
63
183
2
5
87
11
176
14
17
16
19
14
37
12
17
28
6
73
17
89
6
18
9
3
11
3
16
15
88
64
13
229
10
122
55
48
2
4
6
5
3
11
224
2
3
36
203
5
84
72
11
244
6
18
3
2
4
2
54
8
3
178
2
5
13
167
13
3
11
80
18
8
2
4
60
13
7
8
123
5
6
13
4
4
136
4
70
12
25
3
3
2
159
13
26
3
42
56
53
29
12
11
43
18
58
4
8
5
5
68
5
3
3
5
11
16
2
14
28
4
4
3
5
110
2
5
217
3
6
3
5
15
5
7
150
28
19
44
7
6
4
242
19
12
113
13
214
3
13
2
16
13
16
16
13
42
18
55
11
6
9
15
3
13
14
4
12
13
17
14
29
14
104
34
8
112
57
4
6
2
80
15
8
4
2
5
71
16
62
3
2
7
6
178
30
31
12
121
94
136
8
6
26
4
45
13
7
2
21
13
10
177
2
13
12
10
6
11
15
3
45
10
6
39
5
181
8
8
11
15
46
16
123
161
18
15
3
58
13
42
3
2
72
3
13
13
2
6
3
3
5
155
3
4
16
49
5
182
3
26
95
12
47
3
5
27
59
4
12
3
13
15
14
26
13
23
32
12
19
5
11
2
14
14
30
48
3
9
14
5
9
178
7
5
11
29
44
13
31
13
43
118
213
3
11
3
37
74
69
13
13
18
14
280
12
4
127
7
7
5
2
31
4
3
6
13
4
5
155
19
36
3
13
13
58
2
10
49
3
3
2
11
142
74
6
7
63
2
8
2
8
3
6
3
19
14
197
6
44
15
6
5
169
4
3
4
4
28
3
5
3
133
32
110
5
6
19
7
3
14
31
16
66
2
2
27
2
97
205
7
2
170
5
11
112
8
3
8
4
158
173
2
13
126
4
3
4
16
94
3
71
5
14
13
61
14
10
5
11
15
3
15
28
16
104
4
4
113
2
7
8
120
90
3
15
122
12
116
6
139
17
6
135
11
89
13
28
15
12
11
4
4
146
13
119
68
14
202
5
168
41
27
256
13
105
152
223
3
8
13
237
102
12
29
105
222
69
20
4
3
115
13
56
4
3
96
217
10
168
2
5
3
177
19
16
12
16
104
29
8
4
2
37
160
7
51
4
3
27
3
15
13
15
14
175
47
7
167
5
50
3
13
18
55
13
3
2
76
112
5
6
13
128
26
8
124
12
9
158
5
3
197
89
18
3
7
84
5
10
201
52
136
32
10
89
94
13
268
7
110
148
135
20
6
8
15
80
2
2
193
108
4
6
30
61
65
4
3
4
13
13
117
2
2
114
23
178
124
6
86
33
29
7
14
14
2
15
29
2
8
44
55
46
11
113
5
32
4
8
6
2
10
207
51
135
211
4
9
2
3
16
15
43
8
4
7
8
44
60
14
156
3
14
14
118
13
3
31
173
11
3
3
22
3
3
15
3
13
17
3
76
29
45
20
3
133
3
4
200
16
3
4
199
2
6
13
30
12
12
2
16
56
70
4
231
4
162
4
13
17
14
4
4
4
118
82
8
4
257
2
5
13
52
21
11
6
7
3
15
3
44
6
5
14
218
8
73
73
16
28
15
11
8
16
19
39
11
4
40
16
89
3
3
37
3
8
94
7
94
105
7
3
7
141
8
16
144
65
5
12
6
102
3
15
203
51
18
12
44
13
16
15
163
293
201
7
3
78
3
25
59
7
6
88
12
184
15
17
25
3
77
7
5
22
2
6
207
15
196
7
123
13
251
2
5
43
34
95
105
12
7
32
3
167
6
5
93
176
34
44
73
6
5
2
3
77
28
16
79
2
3
5
254
8
7
15
3
179
7
3
13
15
16
4
2
6
76
8
187
8
8
15
14
5
68
22
7
145
5
3
121
2
6
3
4
15
13
132
12
99
7
8
98
11
87
143
75
184
12
163
62
17
244
3
4
110
4
22
5
2
8
110
5
8
252
3
42
14
79
5
5
3
142
13
11
8
96
5
14
30
142
13
18
24
63
3
40
10
136
12
143
20
70
17
22
9
14
15
101
4
160
13
8
7
174
5
41
5
16
3
4
161
4
193
9
2
38
8
155
2
48
7
217
2
3
13
168
129
2
53
8
13
14
119
192
6
3
3
14
5
12
2
8
4
4
5
8
6
2
86
19
5
3
9
14
29
28
15
115
18
25
77
6
7
28
177
2
5
8
58
4
22
6
11
168
5
183
3
8
80
5
3
25
3
13
7
14
13
14
28
28
32
13
18
15
46
7
123
8
59
3
14
6
4
4
161
14
122
94
29
2
8
209
4
26
161
6
3
2
3
3
82
15
13
70
3
51
4
8
2
14
14
13
13
8
14
12
108
3
3
28
175
6
188
205
14
200
201
129
86
5
13
13
33
2
3
5
5
8
201
13
8
115
10
12
198
5
86
3
30
176
7
3
2
3
22
7
131
49
5
19
7
14
17
13
54
14
2
14
29
2
4
4
6
6
259
14
193
4
5
3
30
13
113
178
4
6
219
41
52
21
11
5
10
16
3
15
12
16
10
11
6
20
8
2
3
2
3
8
156
127
7
46
221
3
15
25
11
3
21
10
6
12
13
4
30
15
8
7
66
21
102
78
102
62
8
2
31
5
113
5
8
5
129
170
53
83
78
3
2
8
16
183
15
13
7
90
12
250
2
5
13
13
117
125
46
52
135
6
3
8
269
5
8
5
35
18
55
10
8
5
66
3
4
14
29
131
10
3
5
12
178
5
3
3
5
4
194
5
8
13
184
95
189
17
13
5
8
111
7
200
200
12
16
103
3
97
11
99
126
4
3
118
172
8
110
26
3
5
79
10
4
8
13
34
3
10
139
7
6
8
45
91
13
65
8
8
14
76
13
13
3
6
134
2
5
3
5
142
6
2
43
154
14
74
14
20
2
4
50
16
7
5
102
5
11
2
158
2
8
125
3
32
131
14
5
270
13
23
16
12
3
63
6
4
3
4
3
267
7
3
22
4
16
98
15
122
3
4
12
136
4
17
2
3
3
2
3
13
13
6
18
98
15
8
6
226
3
4
114
3
5
8
12
57
102
13
10
197
4
14
29
90
6
10
235
4
23
10
15
43
27
14
17
64
112
148
4
43
60
2
13
164
4
8
16
8
11
5
10
16
3
44
16
39
21
5
5
3
91
8
18
58
62
8
74
44
12
30
81
180
6
97
3
8
5
3
54
156
4
5
11
15
18
6
7
18
13
15
101
6
8
27
4
2
65
43
85
2
3
264
13
2
9
256
5
10
192
10
240
133
8
4
23
150
129
147
6
27
12
93
3
13
145
10
110
269
4
2
2
5
5
160
106
16
16
180
335
10
11
2
90
61
9
3
91
2
74
127
13
74
4
3
175
5
246
2
102
2
6
2
14
52
8
16
3
6
13
69
106
156
151
21
8
3
63
4
5
2
26
171
5
6
211
3
5
9
19
7
63
13
132
13
15
15
60
47
8
57
5
152
3
4
14
11
84
58
156
7
88
7
127
5
16
55
3
2
3
114
3
5
206
7
261
32
14
74
87
11
138
3
177
4
12
18
82
2
9
18
181
13
33
156
2
4
9
28
74
207
4
2
9
32
13
14
117
15
9
4
2
5
207
4
3
4
12
37
3
159
4
12
31
3
5
15
16
51
15
163
8
8
97
5
2
6
69
12
3
117
14
14
7
3
10
5
3
8
15
4
28
15
55
277
8
14
17
4
199
5
10
36
69
31
7
3
14
2
12
25
4
30
193
6
3
56
2
4
7
5
257
30
71
6
25
34
5
11
2
189
12
79
14
5
2
104
94
3
22
2
60
109
12
298
8
4
6
5
4
4
3
15
147
11
2
34
4
12
66
14
54
7
38
17
189
356
5
141
2
79
13
16
2
5
5
11
168
11
186
13
136
5
8
8
5
154
3
43
99
3
102
117
90
10
33
3
4
13
201
5
8
18
55
8
3
5
10
2
15
30
25
7
7
59
3
13
13
31
141
16
30
25
121
4
12
210
4
28
8
5
67
82
144
3
40
14
12
17
78
8
8
58
26
2
6
13
7
25
6
24
18
15
16
27
7
16
16
15
13
12
13
5
7
10
14
22
3
193
13
8
6
7
70
6
76
6
34
93
16
4
8
80
5
8
177
7
58
4
18
22
3
9
5
13
2
11
5
11
2
13
33
14
11
6
8
10
52
351
198
9
7
128
14
41
9
4
13
87
3
89
24
28
143
240
6
87
4
5
8
239
3
3
197
2
5
3
2
6
2
36
75
14
162
3
43
16
8
193
7
245
4
12
25
6
29
33
13
28
12
160
6
84
3
56
135
31
2
8
2
11
13
8
127
3
13
5
248
6
3
2
8
3
3
4
4
5
91
102
171
206
3
10
159
3
15
14
13
209
2
11
3
2
62
3
14
43
2
138
4
2
11
3
5
8
3
118
14
33
13
144
5
3
5
10
6
43
84
35
3
4
3
71
80
128
6
5
108
2
8
204
7
6
6
5
34
4
76
4
5
3
180
3
6
2
107
249
4
3
181
3
5
10
8
13
52
3
5
16
16
113
4
8
162
28
14
118
3
13
18
68
19
12
14
52
27
6
72
62
4
16
8
47
63
7
26
10
2
89
43
4
7
13
7
29
3
5
50
7
4
36
8
14
191
8
6
28
13
56
4
5
17
116
5
8
164
101
3
16
13
250
6
2
121
7
8
4
6
2
71
2
6
3
16
12
35
14
30
251
3
15
8
5
52
149
197
3
3
12
4
14
29
39
2
3
58
8
4
4
7
3
5
3
71
184
14
7
14
2
216
13
220
3
15
8
15
16
182
16
5
5
103
110
7
177
57
13
110
10
83
183
3
12
88
5
13
5
4
8
199
4
13
18
178
9
92
5
6
5
128
4
203
3
3
9
59
5
5
3
3
8
165
7
222
34
15
12
31
132
19
13
78
28
57
14
122
5
49
2
6
52
6
30
11
150
43
43
27
7
10
5
11
18
15
13
16
15
90
6
87
68
5
3
123
16
74
22
2
8
3
3
180
5
2
13
43
6
61
2
3
148
4
5
5
3
6
2
5
3
7
191
178
4
4
137
7
12
4
258
159
4
8
43
136
4
3
6
80
6
6
8
6
2
208
77
14
12
15
2
14
29
9
20
11
181
31
3
4
26
157
5
13
6
4
3
134
8
17
183
2
6
31
4
2
9
82
3
16
120
11
12
63
5
3
131
10
6
41
110
2
5
3
178
7
12
149
3
28
28
3
15
152
6
6
26
18
14
3
8
31
5
3
9
4
8
6
2
134
4
16
15
29
34
8
23
8
7
31
44
14
122
11
111
4
3
7
3
15
16
29
113
13
102
28
20
14
12
261
5
5
178
10
216
30
67
12
10
14
98
3
5
151
199
3
43
13
3
9
98
13
3
210
93
12
161
70
25
16
35
265
12
184
15
16
165
10
16
104
15
16
182
13
7
3
258
11
173
31
183
13
8
156
21
17
13
30
13
72
22
2
3
12
32
98
4
8
13
14
17
156
8
5
163
4
6
71
12
15
75
11
222
45
65
15
12
149
9
4
124
8
16
33
13
15
58
139
17
204
40
146
202
207
8
8
108
5
21
7
16
14
2
15
128
13
99
3
3
5
117
55
70
6
136
2
3
2
3
16
88
30
13
69
2
8
9
234
3
5
122
13
8
12
155
5
7
5
13
188
16
5
26
25
2
18
46
5
5
3
162
13
81
72
43
157
15
43
121
43
5
14
6
70
36
179
2
2
2
8
107
12
17
191
8
102
16
17
61
5
3
13
16
13
2
8
6
16
13
27
12
3
257
19
7
130
194
4
3
154
5
62
6
105
7
4
13
14
43
16
27
13
2
6
186
13
203
48
131
8
224
13
21
5
2
94
16
237
4
12
15
13
110
16
3
3
36
141
31
187
3
9
4
2
8
3
2
90
3
6
192
134
30
2
12
15
212
6
203
28
8
8
89
10
83
14
33
8
3
166
10
5
5
179
12
198
2
3
14
167
6
3
19
9
63
88
103
12
90
9
46
16
180
2
20
7
227
6
3
13
13
5
23
8
7
117
2
3
8
65
8
70
6
8
4
135
7
6
75
5
101
98
3
2
3
63
2
4
5
175
16
87
2
5
16
7
66
62
7
118
70
4
3
4
47
4
7
110
133
4
16
191
7
6
2
5
45
13
9
254
27
5
42
44
60
6
5
3
125
6
6
5
109
6
2
20
55
74
46
13
271
5
227
7
5
11
204
212
11
86
3
13
2
16
173
13
95
13
8
75
9
13
114
18
60
16
106
3
3
2
279
8
59
27
91
7
8
11
74
5
16
10
4
40
165
7
129
3
15
28
59
53
4
2
41
4
232
3
4
12
16
16
57
5
97
5
100
14
65
2
6
8
3
15
8
8
51
72
4
4
163
36
20
171
6
3
3
13
15
3
16
15
48
7
9
70
250
175
13
7
6
2
29
29
120
5
3
2
8
4
7
27
83
62
10
14
54
16
28
175
3
6
148
118
4
7
24
3
14
152
3
15
27
16
66
12
40
25
3
14
17
130
47
11
2
4
5
3
77
29
74
7
47
18
154
89
74
4
12
31
13
170
12
99
148
4
3
15
12
31
7
24
3
15
13
103
4
2
8
141
13
18
83
19
43
94
84
15
5
6
4
3
6
49
17
224
5
50
13
22
5
218
13
9
2
121
4
6
49
3
3
17
6
270
3
13
184
4
4
4
207
5
3
8
5
2
207
3
23
8
17
97
11
15
16
17
13
15
13
4
150
14
31
13
3
13
3
12
143
15
10
3
3
170
35
3
2
82
3
14
4
4
83
5
2
5
8
2
13
61
4
27
17
14
142
4
3
71
83
7
16
120
9
168
2
244
2
5
3
9
117
153
4
2
3
7
63
2
144
27
13
2
12
86
4
214
137
7
47
5
3
2
6
7
348
99
17
9
16
12
191
9
70
17
170
13
27
10
8
276
4
5
114
13
4
43
6
56
17
14
28
3
13
189
14
186
5
74
63
46
81
6
180
10
3
14
99
15
77
14
79
8
94
8
93
58
5
42
63
2
13
85
3
2
55
19
10
235
3
15
16
3
3
2
94
2
3
6
13
42
5
2
46
16
205
3
27
150
14
3
22
18
13
43
52
44
2
9
11
36
247
213
6
86
14
7
188
11
137
3
9
200
14
2
9
2
47
26
36
45
3
6
74
7
123
246
30
3
31
15
123
62
247
3
3
9
31
121
13
4
3
149
2
4
74
47
24
3
3
53
5
174
12
235
16
2
3
3
6
54
3
31
8
125
3
5
8
42
4
4
2
2
13
30
103
34
175
8
5
44
163
3
4
118
141
15
66
15
3
12
13
16
151
3
3
67
3
7
52
3
5
177
6
6
156
8
116
63
10
2
113
172
11
13
18
180
4
160
37
271
3
13
2
11
2
212
13
13
3
12
16
16
13
29
13
21
62
5
11
16
17
13
5
9
17
7
3
57
152
5
23
172
14
260
3
15
14
86
13
3
102
5
8
28
191
8
3
6
30
44
14
74
36
16
14
7
6
92
3
18
205
136
9
12
47
13
20
8
66
8
10
45
13
96
207
2
5
3
13
36
11
47
161
5
6
17
88
3
4
48
35
13
26
3
23
5
166
3
9
2
6
35
3
3
5
3
239
3
13
3
12
57
71
13
44
115
4
4
438
3
135
86
125
5
59
10
5
14
213
3
7
36
13
7
121
4
2
2
21
6
11
14
14
47
3
5
4
26
5
27
15
204
6
8
214
3
14
87
7
33
100
43
85
5
160
8
141
3
14
4
96
3
14
16
84
18
3
3
26
2
3
3
3
3
132
26
5
3
91
30
33
10
219
6
3
14
17
26
142
35
2
5
2
17
4
3
110
6
25
6
212
4
25
5
9
15
28
15
97
14
11
273
26
5
21
84
114
3
3
6
2
32
446
30
13
23
10
125
3
3
6
33
11
139
11
204
8
42
4
155
2
31
13
16
14
3
3
5
37
26
14
27
14
69
26
27
3
57
13
14
17
118
15
5
5
28
5
3
62
4
12
6
5
3
75
94
55
15
13
2
97
186
6
5
4
3
31
32
147
51
3
3
5
81
16
99
7
103
4
8
4
3
5
7
17
140
29
43
4
4
28
12
47
8
3
229
3
10
5
11
16
18
12
15
17
94
2
3
18
112
5
3
15
26
158
13
79
8
19
6
9
17
42
82
5
99
3
13
43
17
3
63
5
26
18
13
6
12
7
5
3
3
30
74
11
12
217
29
15
16
28
3
8
39
5
3
4
12
55
7
8
132
3
14
8
9
45
8
4
8
34
4
3
135
105
9
4
3
30
131
12
3
6
234
8
13
8
2
76
31
14
27
160
8
23
165
13
259
3
15
68
108
89
16
36
3
98
5
47
43
102
273
8
2
190
7
3
13
3
176
8
77
5
4
4
90
55
13
6
3
8
11
3
14
2
13
14
10
7
14
41
84
5
11
32
133
5
8
17
140
16
23
47
43
152
11
5
7
103
10
125
60
9
132
13
4
12
38
16
31
62
3
35
144
4
4
74
3
5
88
20
82
4
4
17
54
11
43
31
43
82
126
6
4
55
85
15
32
13
17
69
60
4
51
35
14
25
14
3
7
2
2
4
61
14
7
22
29
14
114
19
18
8
95
13
78
16
3
15
13
15
16
28
73
28
7
7
5
8
210
7
109
5
8
69
83
54
14
58
44
12
14
81
10
12
5
2
6
155
5
9
4
3
11
5
5
5
12
4
8
31
3
13
45
77
14
5
2
28
207
6
2
19
8
86
70
9
13
2
55
90
6
13
38
231
2
2
3
3
230
41
55
2
4
14
72
16
123
2
5
55
77
150
5
5
3
152
85
16
32
2
24
4
2
6
184
5
5
153
4
4
274
4
5
75
11
29
2
3
8
52
3
14
18
31
13
196
2
3
2
247
3
5
3
157
15
208
165
3
5
12
62
89
39
13
153
10
156
2
6
12
26
60
127
6
4
154
14
149
26
16
2
80
47
121
10
17
3
23
173
13
21
28
15
9
10
5
12
15
17
45
28
55
133
16
13
2
4
246
3
14
15
222
43
113
11
17
5
8
5
6
8
14
2
74
56
4
104
62
6
38
31
195
5
78
99
143
108
13
7
250
2
3
3
5
199
6
8
28
2
5
137
70
3
8
328
90
4
8
42
5
2
8
2
3
13
244
2
3
2
180
15
11
47
3
159
2
7
3
16
2
11
35
8
4
3
113
105
10
19
4
14
55
5
3
75
2
3
118
6
9
4
3
2
72
142
6
58
7
115
8
15
13
16
110
2
5
3
3
8
8
82
3
60
6
2
5
4
8
169
73
137
7
108
3
16
6
5
8
3
13
12
6
57
94
7
6
63
13
126
4
3
5
10
73
4
13
12
76
3
11
27
145
4
13
2
55
155
4
5
2
8
86
123
3
121
3
9
5
14
13
31
100
8
80
37
24
20
14
149
3
4
3
51
3
6
3
14
56
13
102
274
51
4
6
68
3
4
18
12
80
3
157
102
13
248
4
4
3
154
3
15
162
43
4
17
84
2
4
23
12
2
14
218
75
227
118
2
5
3
266
4
3
137
98
3
13
85
12
12
79
108
3
13
15
90
114
41
13
233
10
11
226
4
97
2
3
22
4
13
18
24
81
73
5
75
13
162
180
4
4
86
92
84
17
6
5
67
31
4
2
8
3
6
4
39
146
2
47
43
4
3
21
29
7
131
3
67
93
15
243
2
4
8
223
3
13
2
13
14
3
3
13
30
137
4
149
5
100
4
3
16
207
4
13
6
5
34
13
4
3
14
186
10
3
171
5
121
6
92
3
5
2
56
5
205
3
5
5
2
13
95
12
15
21
63
4
11
16
16
14
15
2
14
19
4
9
71
200
3
28
11
36
36
3
15
224
3
16
4
4
126
6
6
14
4
217
174
161
8
184
12
138
4
2
2
3
4
203
8
98
66
15
139
6
3
130
51
6
17
105
156
206
4
16
28
170
4
264
5
9
29
15
119
12
8
3
26
2
12
4
39
99
6
4
5
3
220
75
105
4
5
3
5
2
24
4
3
3
272
31
5
8
2
5
2
63
6
68
4
3
7
102
7
237
131
3
14
28
2
3
3
161
13
34
105
22
13
30
12
69
109
2
3
3
13
18
160
14
132
30
54
5
9
164
16
2
261
208
8
256
16
48
5
2
176
184
10
13
16
12
16
125
8
199
153
8
15
12
11
78
7
52
10
87
67
5
8
217
13
116
6
38
5
2
39
12
2
30
7
8
102
13
50
3
3
5
74
25
13
93
15
18
5
2
136
3
13
15
31
79
5
3
16
118
18
13
69
27
21
86
3
8
215
7
6
3
205
13
117
113
3
8
2
3
9
6
28
12
13
49
8
13
3
10
5
3
8
15
19
13
15
17
7
5
39
6
7
2
214
3
2
13
15
14
166
4
3
148
5
3
109
8
111
2
5
57
14
37
2
4
7
133
5
184
8
11
3
5
151
3
5
44
6
52
195
3
3
132
4
8
12
17
151
13
2
3
2
14
166
13
31
16
191
4
25
5
10
3
23
18
3
2
6
98
4
8
151
10
13
13
137
2
15
164
3
3
4
13
190
32
69
10
14
201
18
17
29
56
9
176
3
5
128
6
5
8
4
14
2
2
4
3
5
131
13
44
188
5
2
41
44
61
13
11
5
56
2
3
3
45
5
115
3
7
19
86
157
16
15
107
3
2
5
12
125
14
2
148
12
191
4
212
3
3
13
14
70
3
13
95
4
3
14
15
140
12
110
3
2
2
13
6
9
8
2
15
32
15
168
164
203
3
14
17
12
2
17
8
165
34
8
195
119
15
45
165
3
16
13
13
5
13
160
8
23
13
8
26
16
19
13
15
63
11
10
2
3
3
13
157
17
11
3
91
4
8
5
88
12
246
201
31
24
10
60
4
13
9
200
2
5
205
4
6
8
13
30
83
15
18
3
29
23
15
11
2
14
16
28
17
30
5
3
79
141
4
43
46
3
8
5
62
3
5
8
3
7
364
8
162
91
13
15
16
15
195
38
7
103
6
2
6
8
6
135
205
5
5
151
62
4
98
112
7
162
10
192
3
5
2
187
193
6
15
24
83
5
11
15
3
44
16
8
4
49
4
3
5
3
127
142
5
14
5
4
32
13
12
144
14
26
171
13
210
17
5
199
43
211
52
139
7
212
3
8
103
34
13
16
97
5
8
69
7
17
162
6
5
195
42
2
110
15
266
8
94
20
129
12
137
27
105
10
206
4
6
8
5
8
2
6
137
151
35
82
205
74
42
47
2
8
6
121
5
8
49
8
4
16
25
17
243
3
166
5
8
19
24
114
54
5
6
55
8
136
15
18
3
6
5
10
3
118
28
61
89
55
12
8
7
168
4
8
172
3
3
6
4
2
13
11
2
169
5
3
167
4
3
5
53
300
3
5
12
90
111
6
8
24
2
2
8
165
4
2
132
192
19
16
13
11
206
6
8
43
7
3
40
7
56
98
101
75
85
13
16
14
57
191
18
6
2
3
2
4
134
8
44
3
6
2
9
247
75
53
57
8
57
66
2
6
2
4
6
254
217
6
5
3
5
7
45
9
89
15
16
8
97
12
18
16
13
29
14
35
8
12
178
8
95
5
9
49
12
15
57
4
10
213
7
8
76
3
3
5
3
8
91
108
5
2
9
3
54
8
147
13
4
13
204
8
55
7
3
5
47
79
14
17
12
6
13
7
6
124
4
2
14
47
13
5
153
29
5
8
145
4
51
43
4
2
49
6
47
167
8
3
13
15
17
15
29
49
4
61
4
29
10
2
5
151
4
8
3
4
14
14
16
13
152
9
25
238
167
68
2
90
176
3
13
62
3
44
43
4
3
3
2
28
6
68
11
52
167
3
14
8
4
43
2
5
74
10
232
3
7
128
5
8
19
226
7
4
3
4
4
3
119
3
8
9
2
270
5
3
5
4
33
7
9
183
156
4
27
31
151
3
6
2
163
16
14
38
136
163
2
4
13
22
2
4
239
13
55
23
160
5
9
72
147
9
254
8
5
77
13
80
38
15
129
28
14
5
8
171
7
5
179
12
49
13
13
118
6
6
131
75
3
37
19
13
67
16
146
238
17
13
15
16
13
33
27
31
24
11
4
8
3
7
8
32
5
8
2
16
26
208
132
4
2
5
204
4
131
5
5
44
5
3
53
4
202
122
8
168
10
99
10
6
266
154
2
16
13
29
3
4
16
184
13
123
13
75
3
5
191
4
7
75
20
8
7
105
4
3
5
84
6
7
31
32
12
16
15
67
5
2
144
3
7
107
16
27
13
89
15
26
58
37
15
176
3
5
55
13
138
31
2
69
11
225
2
5
43
30
76
3
2
221
5
11
43
3
3
100
4
3
132
4
13
13
97
44
3
15
78
16
17
113
16
12
8
172
126
3
14
14
16
13
15
17
57
29
16
7
8
186
8
3
9
4
2
211
11
4
16
5
4
95
6
7
181
197
4
6
2
8
3
34
8
21
28
24
10
5
11
15
43
3
4
14
60
14
18
14
2
54
6
2
115
3
7
2
4
223
6
13
3
4
53
7
8
7
31
12
130
3
3
228
199
174
44
11
11
30
6
172
6
5
10
131
6
6
2
17
239
8
174
4
9
86
13
206
212
131
111
15
179
8
8
15
32
26
5
113
6
16
5
7
15
123
3
31
96
3
47
3
2
3
58
3
10
14
16
154
3
31
136
11
9
102
6
4
4
27
61
13
6
355
31
5
55
7
126
164
3
79
4
13
213
207
4
14
50
3
8
15
14
84
18
66
5
10
15
27
37
16
13
3
204
3
4
101
4
2
6
83
3
5
6
106
5
2
2
117
3
7
215
206
3
5
8
141
3
5
181
7
5
123
29
12
17
12
13
3
15
13
42
5
16
59
3
5
11
15
4
13
14
15
16
110
10
126
160
6
131
14
192
4
15
28
157
12
8
21
6
7
21
62
6
11
15
3
14
13
15
2
7
3
3
29
58
73
9
8
13
16
59
8
5
2
240
5
13
75
6
121
5
3
13
42
69
164
47
8
23
2
197
15
15
118
140
6
2
67
14
6
4
3
3
2
3
5
4
13
104
15
15
3
5
175
10
73
238
2
3
3
8
98
3
53
31
242
5
89
2
9
37
3
2
13
225
3
28
5
88
15
80
8
13
29
45
30
56
4
8
17
16
28
2
4
160
2
55
31
5
16
12
39
10
9
15
136
72
15
224
6
2
4
193
16
123
3
4
8
194
12
148
5
13
147
5
3
52
11
16
15
32
6
8
17
55
5
8
2
4
3
254
7
5
102
166
4
14
12
161
28
14
13
13
117
14
86
4
164
8
166
8
2
27
60
30
4
27
28
74
3
13
12
17
7
125
13
24
58
71
4
32
3
16
24
77
13
2
159
20
30
99
7
6
25
4
14
4
3
100
2
4
2
114
18
13
35
58
13
12
133
3
4
3
25
2
5
106
4
120
115
16
9
85
204
13
122
3
176
61
111
6
5
14
8
67
29
21
31
16
8
10
5
11
2
14
48
10
7
8
8
4
67
12
32
12
119
63
103
14
99
5
5
3
5
9
187
27
230
4
42
7
113
129
3
5
3
179
110
3
31
13
16
87
4
4
10
66
5
5
93
8
147
31
15
2
14
12
33
160
4
60
3
8
167
14
14
165
14
3
6
154
31
27
29
76
13
2
6
68
6
7
7
2
360
97
143
2
3
3
3
122
44
157
18
13
12
18
72
4
4
102
3
12
106
8
6
16
149
36
171
44
16
35
2
2
3
15
103
3
8
126
9
45
147
4
3
83
7
12
136
3
23
3
23
36
14
2
5
3
5
39
59
8
2
214
2
3
9
5
9
7
121
4
9
38
212
2
54
98
3
13
2
14
12
6
10
15
16
13
31
76
5
8
83
6
2
42
5
2
192
7
7
3
28
13
186
272
3
13
5
188
3
15
13
4
11
16
13
15
16
27
43
94
5
6
44
6
170
26
27
204
14
143
6
8
53
4
209
3
172
2
14
2
13
8
4
4
90
11
149
15
16
41
2
5
9
43
43
12
35
66
2
2
6
5
5
18
5
175
5
213
14
4
3
4
2
32
3
196
6
3
17
36
34
110
15
3
12
17
2
10
21
3
5
4
2
12
131
91
16
172
28
57
146
13
18
85
159
4
13
18
52
16
15
13
54
16
131
5
2
4
9
90
93
5
8
171
5
2
5
3
7
73
132
164
99
14
251
13
2
29
2
3
5
35
2
5
3
83
113
45
3
14
58
13
98
6
43
4
115
13
15
16
12
139
9
86
3
8
15
177
11
8
41
3
11
2
32
171
4
202
13
195
3
4
5
3
142
74
17
13
266
16
27
12
254
4
2
131
17
3
6
32
2
70
12
2
73
3
8
8
7
99
3
122
72
5
18
66
5
11
15
33
15
10
13
23
78
7
2
91
81
4
56
3
134
5
2
70
191
12
16
58
115
2
4
4
26
13
203
6
171
65
49
4
236
14
4
3
5
3
108
5
3
200
3
141
3
2
3
14
8
6
2
3
3
54
15
2
14
56
43
99
64
3
13
2
43
13
53
5
3
40
10
99
13
18
92
14
75
15
15
97
260
2
3
3
10
188
7
92
5
80
14
8
190
183
2
58
54
5
8
8
102
13
269
7
2
158
6
3
7
6
4
2
25
34
5
11
15
4
14
29
16
9
19
45
14
2
5
3
263
3
13
15
16
2
10
6
99
29
14
306
8
6
184
4
7
12
34
78
3
5
5
94
13
82
6
19
6
13
249
8
8
35
135
2
14
2
14
73
101
7
5
225
12
2
10
6
8
17
15
16
15
86
4
3
2
24
20
58
315
17
13
120
12
156
3
11
210
8
5
13
3
5
96
3
17
211
2
9
205
10
100
28
86
13
5
13
96
17
12
34
5
3
180
5
13
13
44
128
88
90
136
3
5
43
8
167
9
7
195
3
2
210
196
17
13
71
100
190
58
6
14
183
2
2
6
101
3
5
20
3
15
86
129
13
15
4
114
6
31
8
70
13
5
11
2
12
2
2
56
13
4
14
181
12
210
14
161
4
3
72
75
3
32
6
13
13
71
2
9
13
3
14
8
5
7
65
87
43
14
52
3
41
136
11
329
3
15
13
179
15
3
191
5
13
12
189
3
48
3
14
101
3
5
227
9
2
89
5
280
8
66
3
3
4
3
8
8
17
16
27
14
103
2
10
93
17
16
15
13
27
2
4
160
3
11
94
130
7
51
2
105
155
8
185
14
28
162
13
205
3
96
3
7
8
263
3
5
118
71
3
4
5
78
49
73
4
13
2
43
12
7
8
157
15
5
140
15
11
199
14
16
3
13
6
9
16
242
8
84
4
117
5
5
69
5
6
105
15
35
8
94
5
8
66
8
6
3
23
18
17
6
55
73
6
8
7
144
2
5
74
14
5
75
8
16
207
13
13
198
4
3
159
7
9
17
13
13
89
46
15
14
266
2
21
168
19
7
8
31
4
193
7
4
34
3
15
229
149
39
13
77
172
6
5
8
54
94
2
6
14
6
11
4
40
4
6
91
15
18
10
3
15
16
9
5
13
62
39
239
3
256
3
171
40
14
181
2
2
3
112
13
164
3
3
13
182
9
126
7
8
122
19
14
43
13
42
104
129
208
170
71
3
70
13
106
12
35
4
3
159
29
64
110
148
20
183
4
146
14
12
209
15
37
7
3
10
17
159
76
13
4
4
5
157
113
2
5
8
15
14
16
15
117
41
11
4
6
17
94
3
4
30
228
11
11
177
7
9
3
142
6
13
165
15
184
45
5
44
81
4
3
33
3
28
15
55
16
102
129
172
6
65
17
31
31
50
11
43
8
47
118
188
3
8
8
92
10
6
211
5
8
42
8
6
144
18
14
105
5
6
8
106
3
235
2
42
13
16
27
20
55
21
5
58
43
106
47
10
3
50
8
5
145
62
238
37
8
103
2
12
200
23
8
8
158
8
5
3
254
205
12
143
8
13
4
27
31
3
2
3
8
3
5
115
3
3
115
8
161
191
12
173
4
35
5
206
9
2
4
2
20
46
31
5
3
162
87
124
7
153
3
2
3
193
7
8
36
272
4
4
16
3
2
3
79
2
154
6
4
14
25
48
61
183
2
8
236
4
3
16
45
14
13
57
18
45
10
3
217
2
9
7
23
164
16
97
15
29
104
22
19
188
6
2
3
13
134
3
4
4
62
146
190
8
16
13
13
175
13
70
6
7
201
3
13
13
234
2
6
3
28
43
47
3
5
60
66
86
2
4
14
13
4
114
82
4
6
5
5
5
269
256
3
14
12
29
160
5
15
45
15
27
111
7
19
4
4
4
96
9
21
34
117
153
2
165
2
24
17
3
4
3
27
40
15
27
67
5
3
112
90
51
54
95
15
12
43
3
32
3
11
145
109
4
153
16
31
159
7
100
4
3
5
134
5
2
14
125
13
14
2
14
44
68
4
14
29
14
224
3
13
5
5
2
59
15
114
3
23
28
8
21
6
134
48
2
3
5
12
105
73
250
3
2
13
214
7
33
187
18
55
154
5
8
110
142
3
16
14
14
14
31
30
14
5
12
14
16
9
4
15
2
88
12
3
15
13
16
15
13
17
25
18
18
16
13
3
10
5
11
2
16
13
8
4
3
16
14
14
26
3
69
82
46
10
97
66
83
104
13
213
10
8
2
2
4
8
50
8
109
144
6
9
10
135
8
14
13
55
8
5
3
5
34
4
3
5
43
2
12
47
29
58
62
3
4
6
34
3
181
2
5
3
13
113
30
11
69
2
5
6
5
209
2
6
39
3
5
3
26
2
14
2
44
3
4
254
4
8
128
15
2
58
149
2
11
13
14
133
21
115
3
3
2
199
7
2
3
9
17
14
15
14
3
51
5
7
69
13
147
15
180
4
2
17
97
13
206
15
12
51
43
39
8
128
44
2
4
117
37
13
28
4
16
165
4
25
2
6
2
148
